100
50
920000000000000000000000000000000000000000000000000000000000000000000000000000000000000000000000002C 0
49200000000000000000000000000000000000000000000000000000000000000000000000000000000000000000000002C1 0
0492000000000000000000000000000000000000000000000000000000000000000000000000000000000000000000002C10 0
004900000000000000000000000000000000000000000000000000000000000000000000000000000000000000000000C100 0
0000000000000000000000000000000000000000000000000000000000000000000000000000000000000000000000000000 0
0000000000000000000000000000000000000000000000000000000000000000000000000000000000000000000000000000 0
0000000000000000000000000000000000000000000000000000000000000000000000000000000000000000000000000000 0
0000000000000000000000000000000000000000000000000000000000000000000000000000000000000000000000000000 0
0000000000000000000000000000000000000000000000000000000000000000000000000000000000000000000000000000 0
0000000000000000000000000000000000000000000000000000000000000000000000000000000000000000000000000000 0
0000000000000000000000000000000000000000000000000000000000000000000000000000000000000000000000000000 0
0000000000000000000000000000000000000000000000000000000000000000000000000000000000000000000000000000 0
0000000000000000000000000000000000000000000000000000000000000000000000000000000000000000000000000000 0
0000000000000000000000000000000000000000000000000000000000000000000000000000000000000000000000000000 0
0000000000000000000000000000000000000000000000000000000000000000000000000000000000000000000000000000 0
0000000000000000000000000000000000000000000000000000000000000000000000000000000000000000000000000000 0
0000000000000000000000000000000000000000000000000000000000000000000000000000000000000000000000000000 0
0000000000000000000000000000000000000000000000000000000000000000000000000000000000000000000000000000 0
0000000000000000000000000000000000000000000000000000000000000000000000000000000000000000000000000000 0
0000000000000000000000000000000000000000000000000000000000000000000000000000000000000000000000000000 0
0000000000000000000000000000000000000000000000000000000000000000000000000000000000000000000000000000 0
0000000000000000000000000000000000000000000000000000000000000000000000000000000000000000000000000000 0
0000000000000000000000000000000000000000000000000000000000000000000000000000000000000000000000000000 0
0000000000000000000000000000000000000000000000000000000000000000000000000000000000000000000000000000 0
0000000000000000000000000000000000000000000000000000000000000000000000000000000000000000000000000000 0
0000000000000000000000000000000000000000000000000000000000000000000000000000000000000000000000000000 0
0000000000000000000000000000000000000000000000000000000000000000000000000000000000000000000000000000 0
0000000000000000000000000000000000000000000000000000000000000000000000000000000000000000000000000000 0
0000000000000000000000000000000000000000000000000000000000000000000000000000000000000000000000000000 0
0000000000000000000000000000000000000000000000000000000000000000000000000000000000000000000000000000 0
0000000000000000000000000000000000000000000000000000000000000000000000000000000000000000000000000000 0
0000000000000000000000000000000000000000000000000000000000000000000000000000000000000000000000000000 0
0000000000000000000000000000000000000000000000000000000000000000000000000000000000000000000000000000 0
0000000000000000000000000000000000000000000000000000000000000000000000000000000000000000000000000000 0
0000000000000000000000000000000000000000000000000000000000000000000000000000000000000000000000000000 0
0000000000000000000000000000000000000000000000000000000000000000000000000000000000000000000000000000 0
0000000000000000000000000000000000000000000000000000000000000000000000000000000000000000000000000000 0
0000000000000000000000000000000000000000000000000000000000000000000000000000000000000000000000000000 0
0000000000000000000000000000000000000000000000000000000000000000000000000000000000000000000000000000 0
0000000000000000000000000000000000000000000000000000000000000000000000000000000000000000000000000000 0
0000000000000000000000000000000000000000000000000000000000000000000000000000000000000000000000000000 0
0000000000000000000000000000000000000000000000000000000000000000000000000000000000000000000000000000 0
0000000000000000000000000000000000000000000000000000000000000000000000000000000000000000000000000000 0
0000000000000000000000000000000000000000000000000000000000000000000000000000000000000000000000000000 0
0000000000000000000000000000000000000000000000000000000000000000000000000000000000000000000000000000 0
0000000000000000000000000000000000000000000000000000000000000000000000000000000000000000000000000000 0
0043000000000000000000000000000000000000000000000000000000000000000000000000000000000000000000006100 0
0438000000000000000000000000000000000000000000000000000000000000000000000000000000000000000000008610 0
4380000000000000000000000000000000000000000000000000000000000000000000000000000000000000000000000861 0
3800000000000000000000000000000000000000000000000000000000000000000000000000000000000000000000000086 0
0
