100
50
0000000000000000000000000000000000000000000000000000000000000000000000000000000000000000000000000000 0
0000000000000000000000000000000000000000000000000000000000000000000000000000000000000000000000000000 0
0000000000000000000000000000000000000000000000000000000000000000000000000000000000000000000000000000 0
0000000000000000000000000000000000000000000000000000000000000000000000000000000000000000000000000000 0
0000004100000000000000000000000000000000000000000000000000000000000000000000000000000000000000000000 0
0000000000000000000000000000000000000000000000000000000000000000000000000000000000000000000000000000 0
0000000000000000000000000000000000000000000000000000000000000000000000000000000000000000000000000000 0
0000000000000000000000000000000000000000000000000000000000000000000000000000000000000000000000000000 0
0000000000000000000000000000000000000000000000000000000000000000000000000000000000000000000000000000 0
0000000000000000000000000000000000000000000000000000000000000000000000000000000000000000000000000000 0
0000000000000000000000000000000000000000000000000000000000000000000000000000000000000000000000000000 0
0000000000000000000000000000000000000000000000000000000000000000000000000000000000000000000000000000 0
0000000000000000000000000000000000000000000000000000000000000000000000000000000000000000000000000000 0
0000000000000000000000000000000000000000000000000000000000000000000000000000000000000000000000000000 0
0000000000000000000000000000000000000000000000000000000000000000000000000000000000000000000000000000 0
0000000000000000000000000000000000000000000000000000000000000000000000000000000000000000000000000000 0
0000000000000000000000000000000000000000000000000000000000000000000000000000000000000000000000000000 0
0000000000000000000000000000000000000000000000000000000000000000000000000000000000000000000000000000 0
0000000000000000000000000000000000000000000000000000000000000000000000000000000000000000000000000000 0
0000000000000000000000000000000000000000000000000000000000000000000000000000000000000000000000000000 0
0000000000000000000000000000000000000000000000000000000000000000000000000000000000000000000000000000 0
0000000000000000000000000000000000000000000000000000000000000000000000000000000000000000000000000000 0
0000000000000000000000000000000000000000000000000000000000000000000000000000000000000000000000000000 0
0000000000000000000000000000000000000000000000000000000000000000000000000000000000000000000000000000 0
0000000000000000000000000000000000000000000000000000000000000000000000000000000000000000000000000000 0
0000000000000000000000000000000000000000000000000000000000000000000000000000000000000000000000000000 0
0000000000000000000000000000000000000000000000000000000000000000000000000000000000000000000000000000 0
0000000000000000000000000000000000000000000000000000000000000000000000000000000000000000000000000000 0
0000000000000000000000000000000000000000000000000000000000000000000000000000000000000000000000000000 0
0000000000000000000000000000000000000000000000000000000000000000000000000000000000000000000000000000 0
0000000000000000000000000000000000000000000000000000000000000000000000000000000000000000000000000000 0
0000000000000000000000000000000000000000000000000000000000000000000000000000000000000000000000000000 0
0000000000000000000000000000000000000000000000000000000000000000000000000000000000000000000000000000 0
0000000000000000000000000000000000000000000000000000000000000000000000000000000000000000000000000000 0
0000000000000000000000000000000000000000000000000000000000000000000000000000000000000000000000000000 0
0000000000000000000000000000000000000000000000000000000000000000000000000000000000000000000000000000 0
0000000000000000000000000000000000000000000000000000000000000000000000000000000000000000000000000000 0
0000000000000000000000000000000000000000000000000000000000000000000000000000000000000000000000000000 0
0000000000000000000000000000000000000000000000000000000000000000000000000000000000000000000000000000 0
0000000000000000000000000000000000000000000000000000000000000000000000000000000000000000000000000000 0
0000000000000000000000000000000000000000000000000000000000000000000000000000000000000000000000000000 0
0000000000000000000000000000000000000000000000000000000000000000000000000000000000000000000000000000 0
0000000000000000000000000000000000000000000000000000000000000000000000000000000000000000000000000000 0
0000000000000000000000000000000000000000000000000000000000000000000000000000000000000000000000000000 0
0000000000000000000000000000000000000000000000000000000000000000000000000000000000000000000000000000 0
0000000000000000000000000000000000000000000000000000000000000000000000000000000000000000000000000000 0
0000000000000000000000000000000000000000000000000000000000000000000000000000000000000000000000000000 0
0000000000000000000000000000000000000000000000000000000000000000000000000000000000000000000000000000 0
0000000000000000000000000000000000000000000000000000000000000000000000000000000000000000000000000000 0
0000000000000000000000000000000000000000000000000000000000000000000000000000000000000000000000000000 0
0